1OOC AELVSDKALESAPTVGWASQNGFTTGGAAATSDNIYIVTNISEFTSALSAGAEAKIIQIKGTIDISGGTPYTDFADQKARSQINIPANTTVIGLGTDAKFINGSLIIDGTDGTNNVIIRNVYIQTPIDVEPHYEKGDGWNAEWDAMNITNGAHHVWIDHVTISDGNFTDDMYTTKDGETYVQHDGALDIKRGSDYVTISNSLIDQHDKTMLIGHSDSNGSQDKGKLHVTLFNNVFNRVTERAPRVRYGSIHSFNNVFKGDAKDPVYRYQYSFGIGTSGSVLSEGNSFTIANLSASKACKVVKKFNGSIFSDNGSVLNGSAVDLSGCGFSAYTSKIPYIYDVQPMTTELAQSITDNAGSGKL

AELV;2.042779;1.116261;0.285886
ELVS;1.228628;1.232236;0.460387
LVSD;0.782682;0.982218;0.750870
VSDK;0.691672;0.723269;1.071093
SDKA;1.122950;0.291580;1.268834
DKAL;1.745308;0.377339;0.695812
KALE;2.739728;0.473388;0.426629
ALES;1.994714;0.496765;0.545382
LESA;1.994714;0.496766;0.545382
ESAP
SAPT
APTV
PTVG;0.172788;0.639594;2.060027
TVGW;0.333010;1.979696;0.934198
VGWA;0.596822;1.280980;0.648047
GWAS;0.582780;0.570070;1.236275
WASQ
ASQN
SQNG
QNGF
NGFT
GFTT
FTTG
TTGG
TGGA;0.244823;0.411327;2.355211
GGAA;0.438774;0.266153;1.633795
GAAA;1.261475;0.305877;0.757845
AAAT;2.023615;0.543274;0.506752
AATS;1.217102;0.599718;0.816068
ATSD;0.758484;0.428370;1.451964
TSDN
SDNI;0.555122;0.495643;1.471501
DNIY
NIYI
IYIV;0.858414;7.874894;0.193492
YIVT;0.654435;5.480189;0.352092
IVTN;0.509005;2.409729;0.624963
VTNI;0.509005;2.409729;0.624963
TNIS;0.497028;1.072392;1.192238
NISE;0.871413;0.621807;0.902234
ISEF;1.109071;1.424139;0.501947
SEFT;0.845529;0.991068;0.913379
EFTS;0.845529;0.991068;0.913379
FTSA;0.864319;1.105974;0.837264
TSAL;1.137726;0.856740;0.720683
SALS;1.226380;0.611957;0.805087
ALSA;2.039041;0.554362;0.499933
LSAG;0.709232;0.482367;1.077778
SAGA;0.758713;0.337657;1.220425
AGAE
GAEA;1.234051;0.274098;0.826740
AEAK;2.930872;0.331372;0.483095
EAKI;2.145058;0.735904;0.382712
AKII;1.604821;1.823761;0.277921
KIIQ;1.488530;1.800076;0.314015
IIQI;1.318785;3.800160;0.197473
IQIK;1.488530;1.800076;0.314015
QIKG;0.707420;0.705293;0.854533
IKGT;0.425557;1.104340;1.090266
KGTI;0.425557;1.104340;1.090266
GTID;0.321035;0.749861;1.539861
TIDI;0.675510;1.913823;0.565852
IDIS;0.728147;1.367017;0.632123
DISG;0.346050;0.535615;1.720205
ISGG;0.193144;0.652476;2.084336
SGGT;0.147249;0.454062;3.792808
GGTP
GTPY
TPYT
PYTD
YTDF;0.642466;1.310440;0.961082
TDFA;0.895559;0.715630;0.925042
DFAD
FADQ
ADQK
DQKA
QKAR
KARS;1.527735;0.493035;0.824279
ARSQ
RSQI;1.255438;1.027334;0.585681
SQIN;0.826228;0.684889;0.934457
QINI
INIP
NIPA;0.590274;0.342869;1.147195
IPAN
PANT
ANTT;0.630016;0.676046;1.347178
NTTV;0.388053;1.676946;1.137228
TTVI;0.509005;4.625124;0.488528
TVIG;0.317302;2.604062;0.730591
VIGL;0.531583;2.407116;0.447569
IGLG;0.300188;0.844381;1.143023
GLGT;0.228856;0.587610;2.079927
LGTD;0.410034;0.482367;1.716566
GTDA;0.438641;0.337657;1.943759
TDAK;1.041773;0.408212;1.135811
DAKF;1.325893;0.487110;0.808370
AKFI;1.557153;1.514468;0.359931
KFIN;0.868846;1.219442;0.663769
FING;0.365830;1.008674;1.135935
INGS
NGSL;0.395731;0.388399;1.987591
GSLI;0.519075;1.071230;0.853824
SLII;1.092221;2.734034;0.313755
LIID;1.131699;1.769081;0.346648
IIDG;0.421097;1.077531;0.846230
IDGT;0.321035;0.749861;1.539861
DGTD
GTDG;0.152571;0.293805;4.190441
TDGT
DGTN
GTNN
TNNV
NNVI;0.509005;1.255489;0.799503
NVII;0.667655;3.462719;0.343448
VIIR;1.014489;5.194079;0.215260
IIRN;0.919008;1.686036;0.470260
IRNV;0.773423;1.883233;0.501097
RNVY;0.758107;1.552841;0.657176
NVYI;0.654435;2.855225;0.450424
VYIQ
YIQT;0.985501;2.180599;0.471262
IQTP
QTPI
TPID
PIDV;0.406071;0.754469;0.934313
IDVE;0.996719;1.239485;0.456292
DVEP
VEPH
EPHY
PHYE
HYEK;1.371249;0.788049;0.710506
YEKG
EKGD;0.635299;0.205955;1.853018
KGDG
GDGW
DGWN
GWNA;0.540651;0.415815;1.415734
WNAE;1.520581;0.428228;0.716396
NAEW;1.520581;0.428228;0.716396
AEWD;1.698311;0.379880;0.691170
EWDA
WDAM
DAMN
AMNI;1.277139;0.840845;0.540249
MNIT;0.712607;1.299487;0.778800
NITN
ITNG
TNGA
NGAH
GAHH;0.536544;0.515900;1.518629
AHHV;0.950130;1.470700;0.594644
HHVW
HVWI
VWID;0.782609;2.335262;0.423700
WIDH;0.828644;1.222650;0.710512
IDHV;0.664479;1.796355;0.592093
DHVT;0.506583;1.250095;1.077416
HVTI
VTIS;0.548667;3.303660;0.545743
TISD;0.555122;0.951316;1.150257
ISDG
SDGN;0.263820;0.194200;4.004411
DGNF
GNFT
NFTD
FTDD
TDDM
DDMY
DMYT;0.780138;0.950530;0.985414
MYTT;0.698495;2.056602;0.798401
YTTK
TTKD;0.581279;0.630873;1.637338
TKDG
KDGE
DGET;0.429106;0.302575;2.120464
GETY
ETYV;0.874739;2.211304;0.484848
TYVQ;0.829382;2.435640;0.502164
YVQH;0.969408;2.046756;0.493116
VQHD
QHDG
HDGA
DGAL;0.734867;0.312120;1.190771
GALD;0.734867;0.312120;1.190771
ALDI;1.546282;0.796604;0.437573
LDIK;1.277363;0.837986;0.551228
DIKR;1.158539;0.708479;0.721460
IKRG;0.646626;0.863056;0.874178
KRGS
RGSD
GSDY
SDYV
DYVT;0.557241;1.762634;0.790764
YVTI
VTIS;0.548667;3.303660;0.545743
TISN;0.497028;1.072392;1.192238
ISNS;0.535758;0.765995;1.331869
SNSL;0.684284;0.492745;1.484707
NSLI
SLID;0.930010;0.879368;0.704662
LIDQ;1.434232;0.786258;0.494400
IDQH;1.000627;0.714780;0.792494
DQHD
QHDK
HDKT
DKTM
KTML;1.347511;1.092099;0.593046
TMLI;1.193847;2.305542;0.372947
MLIG;0.744216;1.298078;0.557740
LIGH;0.562853;1.260270;0.750539
IGHS;0.362146;0.973845;1.368630
GHSD
HSDS
SDSN
DSNG
SNGS;0.254617;0.300127;3.624431
NGSQ
GSQD
SQDK
QDKG
DKGK
KGKL;0.804712;0.483546;1.062088
GKLH;0.635299;0.596970;1.193480
KLHV;1.125009;1.701810;0.467327
LHVT;0.759875;2.500190;0.534776
HVTL;0.759875;2.500190;0.534776
VTLF;0.827419;3.550270;0.387590
TLFN;0.749544;1.152444;0.846735
LFNN
FNNV;0.493886;1.042570;1.035421
NNVF
NVFN;0.493886;1.042570;1.035421
VFNR;0.750450;1.563855;0.648961
FNRV;0.750450;1.563855;0.648961
NRVT;0.589639;1.310554;0.911832
RVTE;1.033783;1.458520;0.539393
VTER;1.033783;1.458520;0.539393
TERA;1.678377;0.587990;0.638974
ERAP
RAPR
APRV;0.754825;0.574455;0.766165
PRVR;0.639961;0.693823;0.885568
RVRY;1.151929;2.329262;0.411892
VRYG;0.472586;1.678071;0.768248
RYGS
YGSI
GSIH
SIHS;0.626210;1.235475;1.022350
IHSF;0.739381;2.063970;0.651336
HSFN;0.563686;0.748340;1.516225
SFNN
FNNV;0.493886;1.042570;1.035421
NNVF
NVFK;0.731207;1.362067;0.707295
VFKG;0.455818;1.471911;0.826838
FKGD
KGDA
GDAK
DAKD
AKDP
KDPV
DPVY
PVYR;0.541505;1.051925;0.796016
VYRY;0.974709;3.531462;0.370240
YRYQ
RYQY
YQYS;1.041258;1.284313;0.690432
QYSF
YSFG;0.386528;1.140253;1.300909
SFGI;0.394336;1.382860;0.991943
FGIG;0.228050;1.090019;1.327924
GIGT
IGTS;0.309836;1.158876;1.393743
GTSG
TSGS
SGSV;0.281071;0.924583;1.659070
GSVL;0.436846;1.196519;0.909813
SVLS;0.755379;1.517973;0.679619
VLSE;1.228628;1.232236;0.460387
LSEG;0.693814;0.432251;1.175758
SEGN
EGNS
GNSF
NSFT;0.482265;0.890525;1.544046
SFTI;0.632581;2.456124;0.663287
FTIA;1.051761;2.224960;0.411880
TIAN;0.826384;0.971461;0.740341
IANL;1.384462;0.897989;0.453542
ANLS;1.137726;0.446369;0.921955
NLSA;1.137726;0.446369;0.921955
LSAS;1.226380;0.611958;0.805087
SASK;1.083777;0.450623;1.148433
ASKA
SKAC
KACK;1.470627;0.651704;0.724493
ACKV
CKVV
KVVK;0.938961;2.393518;0.397530
VVKK;0.938961;2.393518;0.397530
VKKF;1.082567;1.779474;0.483152
KKFN;0.980678;0.577630;1.055502
KFNG
FNGS;0.300633;0.501388;2.309113
NGSI
GSIF;0.394336;1.382860;0.991943
SIFS;0.681873;1.754374;0.740969
IFSD;0.706519;1.135184;0.818652
FSDN
SDNG
DNGS
NGSV;0.260753;0.674402;1.899903
GSVL;0.436846;1.196519;0.909813
SVLN;0.700773;1.107227;0.778274
VLNG;0.405266;0.872755;1.041882
LNGS;0.395731;0.388399;1.987591
NGSA
GSAV;0.467323;0.837564;1.030229
SAVD;0.837287;0.687552;0.850249
AVDL;1.301326;0.889773;0.466266
VDLS;0.782682;0.982218;0.750870
DLSG;0.441985;0.344548;1.917605
LSGC
SGCG
GCGF
CGFS
GFSA;0.538796;0.622691;1.252125
FSAY;1.111267;1.310440;0.603434
SAYT;0.873138;1.098186;0.847862
AYTS;0.873138;1.098186;0.847862
YTSK;0.721288;1.155234;1.068086
TSKI;0.735860;1.401029;0.814416
SKIP;0.525614;0.494481;1.261978
KIPY;0.626937;0.820256;0.814179
IPYI;0.555444;1.731652;0.512010
PYIY;0.544446;1.427853;0.671488
YIYD;0.851315;1.869808;0.534848
IYDV;0.730927;2.532861;0.434564
YDVQ;0.926323;1.125716;0.619788
DVQP
VQPM
QPMT
PMTT
MTTE;0.952494;1.006422;0.838321
TTEL;1.032535;1.074820;0.703776
TELA;1.850518;0.695472;0.488205
ELAQ
LAQS;1.891284;0.547162;0.564860
AQSI
QSIT;0.826228;1.314545;0.730455
SITD;0.555122;0.951316;1.150257
ITDN
TDNA
DNAG
NAGS;0.423340;0.271879;2.250655
AGSG;0.263900;0.293805;2.631047
GSGK;0.218004;0.309068;3.314436
SGKL;0.585887;0.507425;1.357721