2VOC MAIVKATDQSFSAETSEGVVLADFWAPWCGPSKMIAPVLEELDQEMGDKLKIVKIDVDENQETAGKYGVMSIPTLLVLKDGEVVETSVGFKPKEALQELVNKHLLEHHHHHH

MAIV
AIVK,1.350592,2.037067,0.296146
IVKA,1.350592,2.037067,0.296146
VKAT,1.029659,1.417608,0.538888
KATD
ATDQ,1.169710,0.383013,1.018717
TDQS,0.703521,0.422807,1.640531
DQSF
QSFS,0.864156,0.779722,1.056792
SFSA,0.931668,0.789982,0.935322
FSAE,1.515364,0.641279,0.633605
SAET,1.190643,0.537410,0.890256
AETS
ETSE
TSEG
SEGV,0.457164,0.750544,1.123886
EGVV,0.468180,1.686517,0.589134
GVVL,0.447372,2.688650,0.476918
VVLA,1.286194,3.089941,0.221221
VLAD,1.301326,0.889773,0.466266
LADF,1.500353,0.661507,0.566692
ADFW
DFWA,1.232848,0.781781,0.650029
FWAP
WAPW
APWC
PWCG
WCGP
CGPS
GPSK
PSKM
SKMI
KMIA,1.890829,1.098523,0.369043
MIAP,0.912242,0.569604,0.654386
IAPV,0.651601,1.056257,0.525125
APVL,0.832244,0.679463,0.585385
PVLE,0.814151,0.608870,0.638602
VLEE,1.998371,1.000286,0.311875
LEEL,3.032822,0.576081,0.326269
EELD,2.021882,0.288040,0.657337
ELDQ,1.917043,0.317262,0.680813
LDQE,1.917043,0.317262,0.680813
DQEM
QEMG
EMGD,0.663163,0.261893,1.547366
MGDK
GDKL
DKLK
KLKI,1.693249,1.234124,0.390285
LKIV,1.262510,2.910095,0.261531
KIVK,1.115707,2.142888,0.373067
IVKI,0.988477,4.523875,0.234609
VKID
KIDV,0.841673,1.455048,0.526909
IDVD,0.634947,0.987995,0.744191
DVDE,0.848691,0.398665,1.024787
VDEN
DENQ
ENQE
NQET
QETA
ETAG
TAGK
AGKY
GKYG
KYGV,0.460469,1.461545,0.837304
YGVM,0.480665,1.858508,0.699192
GVMS,0.402982,1.120377,1.083748
VMSI,0.847940,2.859471,0.398245
MSIP
SIPT,0.355020,0.726459,1.444119
IPTL,0.551778,0.940124,0.791936
PTLL,0.704746,0.604758,0.882814
TLLV,1.089153,2.750209,0.333622
LLVL,1.824686,2.542210,0.204381
LVLK,1.612513,1.871991,0.291543
VLKD,1.075009,0.935996,0.587374
LKDG,0.607064,0.328334,1.500062
KDGE
DGEV,0.473688,0.485646,1.241713
GEVV,0.468180,1.686517,0.589134
EVVE,1.316756,1.736860,0.298116
VVET,0.751039,2.995455,0.393939
VETS,0.733367,1.333056,0.751514
ETSV,0.733367,1.333056,0.751514
TSVG,0.260753,1.294417,1.485136
SVGF,0.331867,1.544598,1.056988
VGFK,0.455818,1.471911,0.826838
GFKP
FKPK
KPKE
PKEA,1.168101,0.180748,1.079121
KEAL,2.739728,0.473388,0.426629
EALQ,3.076186,0.444167,0.382647
ALQE,3.076186,0.444167,0.382647
LQEL,2.875565,0.634524,0.337922
QELV,1.894752,1.101764,0.323014
ELVN,1.139812,0.898808,0.527218
LVNK,0.962508,1.055122,0.608811
VNKH
NKHL
KHLL,1.707367,0.980100,0.488896
HLLE,2.021882,0.834900,0.423373
LLEH
LEHH,1.410615,0.759000,0.678643
EHHH,0.984150,0.690000,1.087824
HHHH,0.656100,1.000000,1.411582
HHHH,0.656100,1.000000,1.411582
HHHH,0.656100,1.000000,1.411582